% Model:              Contactor_heat.mph
% Version:            COMSOL 5.4.0.225
% Date:               May 27 2019, 14:52
% Dimension:          2
% Nodes:              751
% Expressions:        1
% Description:        温度
% Length unit:        m
% R                       Z                        T (K)
0.0012084379060415306     -0.02411806906818086     375.554923034632
0                         -0.023                   382.1389114711111
0                         -0.025246921926737       368.9640456819262
0.002404060974253029      -0.022999999999999996    382.10019012294083
0.0024297653804070275     -0.025246921926736998    368.92283956367476
0.005076366912020051      -0.023                   381.93036317777756
0.0053091873659134444     -0.025246921926736998    368.75030370944637
0.007810795306988209      -0.023                   381.5760885418608
0.008250802783381181      -0.025246921926736998    368.4594588089902
0.010545601504500374      -0.022999999999999996    381.21027014977216
0.011194934392106825      -0.025246921926736998    368.1323410466745
0.013141971058861416      -0.022999999999999996    380.86286288403255
0.014628571999401489      -0.023879712865838336    375.58119331031406
0.015289150715739556      -0.022999999999999996    380.5611313074375
0.015942820445117002      -0.02404169769615812     374.45606609145625
0.01702698240694755       -0.022999999999999993    380.3019413575646
0.014139066000832468      -0.025246921926736998    367.7828600435537
0.01743982258970167       -0.02378017166403525     375.715637738204
0.018509001563200476      -0.022999999999999996    380.06976122011366
0.017083197609558114      -0.025246921926736998    367.3489473914314
0.01898931004525445       -0.023926565338593733    374.5143895837821
0.019923889655640587      -0.022999999999999996    379.8480921401863
0.02002732921828376       -0.025246921926736998    366.40322693144117
0.020922728776913316      -0.024028243087977585    373.05881739414303
0.021401232818794882      -0.022999999999999996    379.6477412988661
0.02297270991243819       -0.025246921926736998    361.86945742107065
0.02222190101106804       -0.0237490493357978      373.5437898105825
0.0233                    -0.023                   379.45460457704655
0.024633191038846168      -0.023129578883237255    365.2454066500769
0.026000000000000002      -0.025246921926737       348.94266087617547
0.0233                    -0.020900130570405896    379.5145168388053
0.025999999999999995      -0.021949236591657116    360.45735292002564
0.024389464292076113      -0.019597521219267954    372.4381945380703
0.0233                    -0.018887913802741255    379.45831890445044
0.02444029356453361       -0.01772116861642163     372.494172222618
0.0233                    -0.016426663995396232    379.42050411089144
0.025999999999999995      -0.01865155125657732     363.44270576250847
0.025999999999999995      -0.015353865921497529    363.86465246431703
0.0233                    -0.013673448036964991    379.446574993531
0.025999999999999995      -0.012056180586417737    363.9851911214123
0.023300000000000005      -0.010920232078533754    379.54567950123356
0.025999999999999995      -0.00875849525133794     364.13832951222656
0.0233                    -0.008167016120102516    379.7178374673778
0.024586647079501235      -0.003620199921077847    372.4902300475057
0.0233                    -0.002996942397330329    380.2377445155671
0.0233                    -0.005457790065734415    379.95879414037563
0.025999999999999995      -0.005460809916258148    364.36475736349024
0.024341227394654733      -0.001969880570857631    374.0844034541718
0.0233                    -8.520674035097132E-4    380.49294704293703
0.025999999999999995      -0.0021631245811783543   364.6260389472168
0.0015183056622163301     0.023097610688767128     375.0523197993366
0                         0.02421835809946         368.5507275679099
0                         0.022                    381.5019713811596
0.024519489893772433      -2.1706855119191034E-4   373.1598292486869
0.0233                    0.001066113083985092     380.59130721829905
0.025999999999999995      0.0011345607539014393    364.7611432297504
0.002                     0.022                    381.4673115700127
0.00236140009977249       0.024218358099459998     368.5038831318731
0.024250931679048265      0.0016007802699224871    374.7785032106483
0.0233                    0.0029141076797892327    380.50477600533344
0.0244713070710679        0.0034378923100507265    373.37848205673384
0.025999999999999995      0.004432246088981233     364.61812562268443
0.0032280105749350665     0.023057037978778935     375.21479425462115
0.003968469002368879      0.022                    381.35363237476963
0.004985372575953509      0.02421835809946         368.3364166931654
0.0233                    0.004879644700738725     380.27402463434856
0.024401929702270876      0.005644545279699192     373.58004576604213
0.025999999999999995      0.0077299314240610265    364.3516336797175
0.004521810291054634      0.022842105388166185     376.3727560109983
0.006                     0.022                    381.1275750262973
0.007715791983300476      0.02421835809946         368.0648865084917
0.0233                    0.007119202228888121     380.009015368412
0.024633393741560254      0.009342398604269778     371.8980022358054
0.025999999999999995      0.01102761675914082      364.1149134612175
0.008540751065877664      0.022                    380.76994829453815
0.010707386444162302      0.02421835809946         367.75467936599085
0.0233                    0.009737034194970162     379.7569182260134
0.024633393741560254      0.01281800913965844      371.6583527296241
0.025999999999999995      0.014325302094220616     363.91322436202364
0.01160182238618572       0.022                    380.39698340273367
0.013744795969469537      0.02421835809946         367.466759586888
0.02456696870780128       0.011098208414288768     372.1520013921694
0.0233                    0.012489964110174662     379.5621847670314
0.0233                    0.015148954320467327     379.4424321973326
0.025999999999999995      0.017622987429300414     363.4124113391605
0.014499242478348653      0.022                    380.08881965633776
0.016782205494776773      0.024218358099459998     367.1529345346246
0.0245878986821373        0.019093754652882038     370.943284589061
0.025999999999999995      0.020920672764380206     360.3918912049951
0.0233                    0.01757023650594271      379.3911758754876
0.02139954274579114       0.02306818332217653      372.23968809623284
0.02285758162752222       0.02421835809946         362.3069812966278
0.019819615020084006      0.02421835809946         366.4449009389105
0.026000000000000002      0.02421835809946         348.9765259166866
0.0233                    0.022                    379.27163510233567
0.018546095592847096      0.02299752464335978      373.87682201859883
0.016957093054814094      0.022                    379.84235854265853
0.024285930262829145      0.02036734683864236      371.9704561160427
0.0233                    0.01971014533736604      379.3772715729911
0.021037302937424424      0.022                    379.46067547433114
0.01998321414392507       0.022904200411962665     374.0743664786453
0.01908654258802278       0.022                    379.63473304850805
0.0015557972985999107     -0.021401942526202235    382.1896793312685
0.0032721268022092315     -0.021424561891818725    382.14111103010697
0                         -0.020333509950991945    382.2746077623016
0.006568368770941565      -0.021700600131585267    381.7976963220353
0.007398477591812655      -0.020999999999999998    381.70079822358093
0.006                     -0.021                   381.98059283387795
0.002315674294938976      -0.018950113902023894    382.3848210333427
0                         -0.017113313124462952    382.5510541646595
0.004909010690164134      -0.020375682751428828    382.18658174648266
0.006                     -0.019600799216508927    382.31376499948715
0.0078113947650915        -0.021697206626016742    381.61407959235265
0.008629303870291706      -0.020999999999999998    381.5295996133866
0.004977955282875438      -0.019009640743718585    382.379595626238
0.006                     -0.018241711872252667    382.50253317471714
0.00916577043025511       -0.02167825656533496     381.43031338317064
0.00204791909663581       -0.01604187797545767     382.6484194321977
0                         -0.013752999156075658    382.79728859628773
0.009746279015934969      -0.020999999999999998    381.3805510465757
0.010500130656013658      -0.021651482070650728    381.25445148912684
0.0108567880081211        -0.020999999999999998    381.2341496057891
0.011559137848960925      -0.021830405883621198    381.10793366479544
0.011967297000307232      -0.020999999999999998    381.087161470127
0.006                     -0.016914817540675885    382.6471607839656
0.004930681149885608      -0.017712392951852347    382.5338521557662
0.006                     -0.015590948925045232    382.765441514794
0.004870284880579572      -0.0163996602134304      382.66283201733273
0.006                     -0.014267080309414575    382.8617911226561
0.00482720997586194       -0.015036368240818153    382.7736040162866
0.006                     -0.012943211693783922    382.9378351997438
0.004753567158367139      -0.013659946291184548    382.8624395478728
0.006                     -0.011619343078153268    382.9942939313171
0.004727556080482274      -0.012282242831399932    382.9311947182007
0.004954709412033092      -0.00826528628530798     383.02043309243595
0.005999999999999999      -0.00897160584689196     383.0495700341473
0.006                     -0.007647737231261307    383.04844998024754
0.006                     -0.010295474462522613    383.03149881366636
0.004759538031524664      -0.010905282140931555    382.9804580749546
0.004876925338001924      -0.009600997151333888    383.0102609331985
0.012832356309693113      -0.021644769492811144    380.94397946797744
0.01307780599249336       -0.020999999999999998    380.9378585919889
0.01418831498467949       -0.020999999999999998    380.7849347107992
0.013869401664648708      -0.021885193514939526    380.7930399929281
0.015019462814449984      -0.021649669734952023    380.6393983923099
0.01529882397686562       -0.020999999999999998    380.6272623907425
0.01595008596208066       -0.02182135319033175     380.4974072889301
0.001857635176062036      -0.01224029965613945     382.88202047866326
0                         -0.010392697296651073    382.9321384520114
0.005027592657502492      -0.006945523691107771    383.01110524239175
0.006                     -0.006323868615630654    383.0278199643006
0.01640933296905175       -0.020999999999999998    380.46387747760735
0.017066852146329872      -0.02168710344168908     380.33395709331376
0.017519819674316196      -0.020999999999999998    380.29369809485047
0.01799739249056561       -0.02198477088125935     380.17745035802
0.018538444318855568      -0.020999999999999998    380.1294395722291
0.004161410116722155      -0.006034942107022338    382.9713660255307
0.004831572067069012      -0.005                   382.95363254662834
0.0034750677782974812     -0.005                   382.92696888890856
0.002245910462389149      -0.00852931015532195     382.96833165626464
0                         -0.00736363946970027     382.950969172369
0.005184298191656434      -0.005883505506006604    382.9920450611512
0.006                     -0.005                   382.98680141292346
0.0194                    -0.021                   379.9738544925705
0.019045485269437855      -0.022076593689367895    380.0054494164354
0.002                     -0.005                   382.90988168511916
0.0028697075342365617     -0.006472350452647346    382.95852234867783
0                         -0.005                   382.9020703921374
0.0014194024421753048     -0.006501216967525013    382.94388930458877
0.02024065172285322       -0.020999999999999998    379.82255158821204
0.019885010781670605      -0.02181360507529741     379.8742065839753
0.020815027260421358      -0.021991431687119162    379.7331645427241
0.0213                    -0.021                   379.62967136076406
0.0220730477372484        -0.02161133909232517     379.5871080589791
0.02222998122875453       -0.020168652213518195    379.5229946223298
0.0213                    -0.019679672164342746    379.5143628842723
0.02210581691177305       -0.018937215205928438    379.480892350074
0.0213                    -0.01815313658899606     379.4662785651654
0.022261163382354603      -0.017707079053167662    379.45062646380904
0.0213                    -0.01613046567277635     379.4435168078401
0.0213                    -0.013693596853379576    379.4695667452213
0.0213                    -0.011059057748607961    379.562348009764
0.0213                    -0.008419894513392073    379.7223847080683
0.022265385254868948      -0.004276907201515662    380.10303116071964
0.0213                    -0.0039181579524452444   380.1515527467056
0.0213                    -0.00596751431362142     379.93152760101293
0.022126926274344746      -0.0030441312784468986   380.2526430916308
0.0213                    -0.00234103706336757     380.3538747274906
0.022160412361809937      -0.0017373376224064957   380.4255175279973
0.0213                    -0.0010000000000000007   380.6211244492808
0.0213                    1.1528069083332549E-4    380.7241046115749
0.02221179209430367       -2.6385223129098964E-4   380.5970579201239
0.021910340204012113      8.248978633518543E-4     380.6723003902552
0.0213                    0.0012098284719741998    380.7433701255227
0.0213                    0.002256660839958568     380.71679615314997
0.02217518356945056       0.0018525621232534032    380.63531711755695
0.021940761212691264      0.0028437648004614726    380.5861734331709
0.021300000000000003      0.0032                   380.62143885548323
0.0213                    0.004218363977117183     380.3983284560508
0.022192182233111996      0.003796932193716086     380.4428755639233
0.022057918843597746      0.004941576107062728     380.28932941346136
0.0213                    0.005448400653814112     380.22959109346885
0.006                     0.020652173188321896     381.1906122976981
0.006                     0.0195                   381.3491383880644
0.006792642764566493      0.02055084564573834      381.0678922794311
0.00731293982786819       0.0195                   381.0190806784705
0.022197411984876736      0.006364539009927535     380.11170840164215
0.0213                    0.007047737259044164     380.0407857972588
0.008598868013944048      0.019500000000000003     380.8276542922219
0.0077764558394955025     0.020952773542579562     380.9018367689127
0.009902341510852303      0.0195                   380.6588828259534
0.00893694218971748       0.020439747775342427     380.7551048483007
0.022128078900687197      0.008146052384331663     379.9206920084136
0.0213                    0.00890298997376601      379.8538871657635
0.010951669779224096      0.02017134744683093      380.5143662440248
0.011292308603329264      0.0195                   380.49515259745107
0.02217418285813741       0.009816180012879877     379.76810653877254
0.0213                    0.010878065743925655     379.69119035136123
0.012042305370490959      0.020236251875526655     380.3899147845551
0.0127622666257036        0.019499999999999997     380.3338630565331
0.009979533747715787      0.020708398890485327     380.61551617300864
0.022222199834640383      0.011208650273857982     379.6611253706976
0.0213                    0.012852232575118281     379.56569617938834
0.014243153993439808      0.0195                   380.1793853070173
0.014041978014450557      0.020465665194306912     380.17152447247827
0.013000600182080553      0.020766515245622792     380.272446560915
0.0213                    0.014756884528578752     379.4798573093584
0.022253254117028054      0.0162760661203731       379.42928947062177
0.015724041361176014      0.0195                   380.0298727115123
0.015704626792680157      0.020561810725911785     380.00032528542306
0.0213                    0.016529310805662497     379.4313065241976
0.022182023188112125      0.01842715437338262      379.4071550381513
0.021830372997092833      0.020731866751738562     379.4276255329886
0.022067055461028034      0.01737406506966751      379.41395927845815
0.0213                    0.018067557542976603     379.4156822269859
0.01720288040477178       0.0195                   379.88303998879354
0.017582959119153738      0.02069351176253502      379.81034414478495
0.0213                    0.0195                   379.4525638593579
0.020351664177408052      0.020764703565463345     379.5409484901157
0.018605640781235167      0.0195                   379.7432873724951
0.0198                    0.0195                   379.6139011651255
0.019085361333163946      0.02049164306559967      379.6670154667069
0.005224241760656105      -0.021563187858932575    382.00129250768396
0.0039427724188189186     -0.019645974007013057    382.3004884505647
0.004074261460211337      -0.018468162264693513    382.4369403653516
0.003632517283036601      -0.01717156947555104     382.5665290415445
0.003792929511239618      -0.015865622592734323    382.68578290291043
0.0035435774318150655     -0.014443485918724904    382.78682713887406
0.0022193421876539536     -0.013834084213369886    382.80523923032655
0.003420273716560627      -0.01299702495772298     382.86905473819644
0.0034185302273129054     -0.011516273592246684    382.9318214454692
0.003532782505680487      -0.010111544486660465    382.97146165869094
0.0038950931885415848     -0.008804988096008408    382.99429966257617
0.0022133958535673426     -0.01056124748062572     382.94138036968235
0.003865138224603269      -0.007517802401417754    382.99089169994113
0.0010144350509975516     -0.003952156691665252    382.8672238680822
0.002                     -0.002938338757028645    382.82750070513424
0                         -0.0028702163120560187   382.82188210407287
0.002                     -5.000000000000004E-4    382.71866884022614
0                         -3.568694526723676E-4    382.7208502615237
0                         0.0021995964421227584    382.66192101756377
0.002                     0.0019383387570286442    382.6528710754583
0.0010813225184973072     0.003196542738678745     382.65509472875294
0                         0.004641224763174688     382.67508339969726
0.002                     0.003999999999999999     382.6516248992766
0                         0.007059118463816525     382.6969103696562
0.002                     0.006                    382.71226343504077
0.002                     0.007966319075663052     382.7001903545563
0                         0.009558201258856716     382.62756380911236
0.002                     0.010261176184406353     382.6046964525415
0                         0.012156221477313855     382.4578715966575
0.002                     0.012748985698921257     382.4191463665414
0                         0.014759129100121055     382.20209411556135
0.002                     0.015251014301078742     382.15400340683436
0                         0.01735686945267236      381.8906658066248
0.002                     0.01773882381559365      381.8377256072109
0                         0.01987021631205601      381.6187475754642
0.0010379669272291903     0.020974007588432847     381.5315085916227
0.002                     0.020033680924336945     381.5772699068193
0.0052205858899769        -0.004025717670477361    382.91960597521273
0.003493760161187407      -0.0038528679179990815   382.87990675010343
0.006                     -0.0036876173385131245   382.92368144877577
0.006                     -0.002371203078462041    382.8297119596138
0.0048871446705999275     -0.00295402127304496     382.84947686612446
0.003516939686583797      -0.0020767759526535796   382.7861145352444
0.006                     -0.001                   382.6529319838555
0.0048466560220216766     -0.0015255534919881885   382.7448229659171
0.003630523611154398      8.642634172206671E-4     382.64799400270175
0.006                     2.544357673032924E-4     382.5795945386489
0.004859667863899788      -1.3611722378261754E-4   382.65084010304275
0.0033788945300590257     0.0026128267115971176    382.6251085377575
0.006                     0.0014590603910250642    382.55434228369944
0.005065476944285673      0.0010720682854002386    382.60029975135313
0.005385658989964818      0.0019458303904334507    382.57765143694223
0.006                     0.0024372388508844167    382.55567364335116
0.003754624721485366      0.003999999999999999     382.615916130048
0.004553395557626712      0.0031761722195108944    382.6030309858554
0.005047443258169486      0.003999999999999999     382.6019369395158
0.006000000000000001      0.0032                   382.57474310234954
0.0053089983319719895     0.0026990991468633925    382.5835116172503
0.006                     0.003999999999999999     382.63039450311373
0.00536111250937976       0.003373651945006381     382.5942046387294
0.003855968506590891      -6.417912299475346E-4    382.7028681468552
0.004553824660843769      0.0020617100285042936    382.60339998624886
0.003141773372506351      0.005011373527827984     382.78967318185437
0.0036343894060228586     0.006                    382.7643636215469
0.004474567157752588      0.004995587169811284     383.4156977600914
0.005389748760617795      0.00465632245898989      385.0000236361784
0.004966110203989297      0.006                    382.8131626854531
0.006                     0.004952732771188843     388.9075606909767
0.0053660852244719354     0.005320928479998004     385.05596025349183
0.006                     0.006                    382.87951835396177
0.0033669234563254297     0.0073672321829284584    382.7430946938726
0.0035870676036132212     0.009222773686002016     382.6890620050894
0.004507600243219817      0.006914139172343068     382.7867620823884
0.00369329463168796       0.011242237669829751     382.5736005041927
0.005334951816190625      0.0067065450225375686    382.8223264080529
0.005999999999999999      0.007001991709534337     382.84307867633987
0.005272976960110099      0.007538630755553311     382.801360061641
0.006                     0.008003983419068671     382.81515760433626
0.005319616640078597      0.00851198672514394      382.77174904875477
0.005999999999999999      0.009005975128603006     382.7771726595426
0.0034605689828846515     0.013826566452339078     382.33760748623575
0.00541975737591924       0.009351199278952003     382.739460228545
0.005999999999999998      0.01000796683813734      382.72725881995297
0.005999999999999999      0.011009958547671676     382.6646304100694
0.004826987341403062      0.01015182101240374      382.6768137254699
0.0036560510073829593     0.016334605555532816     382.0322021329967
0.006                     0.01601991709534335      382.14048655466195
0.005999999999999999      0.01703964673267801      381.98052050699147
0.005082777323133126      0.016501306420085616     382.0356134360991
0.005999999999999998      0.015017925385809013     382.2765877972067
0.004899504488441727      0.015500101152353321     382.1738483530783
0.005999999999999999      0.012011950257206009     382.5888158018065
0.005045224707014547      0.011391938540437095     382.6021056512346
0.005999999999999999      0.014015933676274678     382.3955929485228
0.004842916414285225      0.014355730638863676     382.31489967099054
0.005294720557593847      0.01236951752779498      382.53170989231137
0.005999999999999999      0.013013941966740345     382.4993453558365
0.00485570330339008       0.013213906162748885     382.4380248475022
0.0037190233870608236     0.01893721613825626      381.6460339695296
0.005999999999999999      0.018187505863619644     381.7594538642265
0.00483750485992487       0.017626142803890663     381.84599721560295
0.003203177776042711      0.020781572495654734     381.4658244382518
0.005041569064690094      0.01889584065980416      381.6037702698195
0.004651317076464777      0.02022833849325424      381.41034912852416
0.005231429155610334      0.021107035537774682     381.26434769793536
0.004472483485096682      0.008100161163562611     382.7572501215793
0.004752482019345563      0.009071970605124045     382.72945304349844
0.003804895908954401      0.012716942326404057     382.45562739169185
0.00458888686083049       0.012202026240233744     382.5228966150876
0.0039911068847274965     0.015047037182519585     382.208676485012
0.003726142172463633      0.017658989527913234     381.8385589361134
0.007                     -0.0202                  391.819605543687
0.00805171432547183       -0.020199999999999992    391.83168113110315
0.007                     -0.019055919784183924    391.83548586386564
0.00910342865094366       -0.020199999999999996    391.83727025339823
0.006999999999999999      -0.017808103809516102    391.84589914401863
0.010155142976415489      -0.020199999999999992    391.8412220436715
0.011206857301887318      -0.020199999999999992    391.8441197291243
0.012258571627359148      -0.020199999999999992    391.84622577842765
0.007000000000000001      -0.006905056662792335    391.8661757624041
0.007                     -0.016459924449610235    391.8548340382011
0.007000000000000001      -0.015094943337207678    391.86193445969224
0.006999999999999999      -0.008270037775194892    391.87002995875156
0.006999999999999999      -0.013729962224805119    391.8671877321638
0.007                     -0.012364981112402564    391.87062155858285
0.007                     -0.011000000000000006    391.87224210796876
0.007                     -0.009635018887597449    391.8720466843691
0.013310285952830977      -0.020199999999999992    391.8476907962419
0.014362000278302806      -0.020199999999999992    391.84861532979795
0.015413714603774636      -0.020199999999999992    391.8490740041054
0.007                     -0.005540075550389777    391.860447328171
0.016465428929246465      -0.020199999999999992    391.84912211586897
0.01751533206280092       -0.020199999999999992    391.84879619251376
0.018535682202119718      -0.020199999999999992    391.848106659203
0.018968531630243823      -0.020599999999999997    385.91221060646296
0.007                     -0.004191896190483874    391.85283366326985
0.0194                    -0.0202                  391.8468015409036
0.007                     -0.0029440802158160525   391.84362286852866
0.007                     -0.0017999999999999997   391.82914688359534
0.009656983874743098      -0.001                   382.3583919026391
0.009103428650943643      -0.0017999999999999997   391.84583027860873
0.010155142976415473      -0.0017999999999999997   391.8496879689212
0.008542519326444686      -0.001                   382.44741707188456
0.008051714325471812      -0.0018                  391.8404476566291
0.007375422824010274      -0.001                   382.53007535249844
0.010771448423041513      -0.001                   382.2588482616472
0.011206857301887304      -0.0017999999999999997   391.85255052896764
0.011885912971339927      -0.001                   382.1480960048564
0.012258571627359133      -0.0018                  391.8546514147121
0.013310285952830965      -0.0017999999999999997   391.8561262795274
0.01300037751963834       -0.001                   382.0257017605559
0.014114842067936752      -0.001                   381.89132047215884
0.014362000278302794      -0.0017999999999999997   391.8570690751729
0.015413714603774626      -0.0018                  391.8575493150054
0.015229306616235165      -0.001                   381.74459725001765
0.016343771164533578      -0.001                   381.5850591724345
0.016465428929246455      -0.0017999999999999997   391.85762182037917
0.017515332062800922      -0.0017999999999999997   391.8573256412507
0.01745792340909262       -0.001                   381.4118602895858
0.018960660748377933      -0.0014061017735584134   386.5498755442226
0.018535682202119732      -0.0017999999999999997   391.8566821584632
0.0194                    -0.0017999999999999997   391.85548525369893
0.01850719594664124       -0.001                   381.233843827653
0.0194                    -0.001                   381.05982432573614
0.006813710010923982      -1.666596232527658E-4    382.54114252048566
0.009073114190636125      -1.2810723580787108E-4   382.37761099055757
0.010195673746191916      -1.5086492076545968E-4   382.28344600625184
0.007884604186700738      9.56881117840152E-5      382.461321103373
0.0068667498264215684     8.302412893469447E-4     382.51483021871945
0.011300256035225234      -1.628072717610175E-4    382.17960986367433
0.012414697566470763      -1.6289716791783581E-4   382.06308300869296
0.013528401488877228      -1.6285930438159342E-4   381.93478819530134
0.01463928939945311       -1.6299827361592994E-4   381.79471239232
0.0157455833100073        -1.638665259301608E-4    381.64286571307326
0.006678588325701417      0.0018863444814620045    382.51900315094736
0.006585887882844657      0.0026448668937537672    382.5313399425081
0.01684172947979921       -1.6678869292497506E-4   381.4798324948692
0.017906880348131222      -1.7369325567051638E-4   381.30872420119016
0.006887960640157779      0.0032                   382.5287718984896
0.018901466005174884      -1.838998591516091E-4    381.13657545434256
0.007362890448364084      0.002500751136422415     382.48736639838563
0.007930902416958392      0.0032                   382.4710529987313
0.008410158450410137      0.002333371930740097     382.4167831788786
0.009034681924851188      0.0032                   382.3934494260986
0.009552783068750957      0.002354798633352334     382.3298779161907
0.0101390584001064        0.0032                   382.30292638637803
0.02024065172285322       -0.0010000000000000007   380.8873501078543
0.019808382427932234      -1.5993300442598496E-4   380.97054811434583
0.010676238462217422      0.0023590281036416274    382.23158507956936
0.01124343504498813       0.0031999999999999997    382.2004898489015
0.01179750162222345       0.002357888436190399     382.1213052997007
0.01234781168986986       0.0032                   382.08635900099335
0.020599230339742248      -2.8910433499069E-4      380.82531180585164
0.01290953814949169       0.002356829849629134     382.00002497005966
0.013452188334751588      0.0032000000000000006    381.96049516776947
0.014017031526629822      0.002356427284562763     381.8673402028166
0.014556564979633313      0.0031999999999999997    381.82275973881843
0.015120402523448923      0.0023563477785246236    381.7231601505589
0.01566094162451504       0.0032                   381.6729788358476
0.017300674357824324      0.002353024539727994     381.4023152857869
0.01786909757155273       0.0032                   381.33631828133366
0.01676531826939677       0.0032                   381.5109482213308
0.01621804634808109       0.002355763277018434     381.56766229145757
0.018362003285681706      0.0023680111548016547    381.2288913655372
0.01891203935983903       0.0032                   381.1578569845829
0.019254002168431643      0.0024270863248336432    381.074511981773
0.0198                    0.0032                   380.985250414467
0.02042742798701281       6.985996029167632E-4     380.8684050553965
0.020082173019077037      0.002522447073195228     380.9226869875111
0.020505300129276233      0.0031999999999999997    380.8374799893534
0.02048564124633573       0.0017911751216681561    380.8573299803666
0.020724641540595223      0.0025990198059465943    380.8011612384336
0.008682421532278984      7.224692900279896E-4     382.392349311056
0.009633899698258258      7.188258091220419E-4     382.3164140940212
0.010711707862737022      6.799534418739561E-4     382.22096213415983
0.007838240208635907      0.0014118517290339437    382.4484631655755
0.00898224937716389       0.0015140880360078178    382.3661006848311
0.011828828880656641      6.748465115275495E-4     382.1103156428448
0.0129459358342041        6.758654109902262E-4     381.9877839996016
0.014056940778564042      6.757339355165245E-4     381.8539458487672
0.015161814737831064      6.748836040616291E-4     381.70873037449246
0.016258104450571298      6.725271763867498E-4     381.5524461350164
0.010081733719435965      0.0015238743417393353    382.27536486413214
0.01124384400752611       0.0015185626967824202    382.16704555811026
0.017338239868597546      6.644799854691597E-4     381.3864695543066
0.018394730392851905      6.440528490440937E-4     381.2131357910309
0.012367290789761303      0.0015161313717660687    382.05017103867925
0.013480051179296201      0.0015152931564389191    381.92245362992617
0.014586471801008418      0.0015147708297226917    381.7834589158874
0.015684606279300104      0.0015132911213363777    381.6334565384905
0.01677665302789255       0.0015131635663084687    381.4722608660595
0.0178525389047354        0.0014982783044984443    381.30184673602406
0.018983667351707097      0.0015296777597498454    381.1124484171909
0.0193916069154927        5.861742561427528E-4     381.04250888376015
0.019723453029823375      0.0019174011867229717    380.9865667384242
0.01980235930607434       0.0013046055854400978    380.9724093618871
0.0067061782286575        0.003999999970602222     390.4509088996192
0.0067061782286575        0.004959999999999972     390.46181544684254
0.007719806503252502      0.004                    390.45946962632866
0.008773831608169132      0.004                    390.46381873991277
0.0067061782286575        0.005919999999999974     390.4657244196523
0.00986986350629114       0.004                    390.46734161710964
0.010995391778813965      0.004                    390.4701882545812
0.0067061782286575        0.006879999999999975     390.46817824546025
0.0067061782286575        0.007839999999999975     390.4708142491458
0.0067061782286575        0.009759999999999979     390.4743027997813
0.0067061782286575        0.008799999999999976     390.47291092457925
0.012121808343889283      0.004                    390.4723550427166
0.013248224932779698      0.004                    390.4739125008421
0.0067061782286575        0.01071999999999998      390.47492608500374
0.006706178228657499      0.01167999999999998      390.47474595114704
0.014374641549927618      0.004                    390.47492368900697
0.015501058165662062      0.004                    390.47544512279796
0.018860869709862352      0.004                    390.47453494134703
0.017753362372551266      0.004                    390.47521565101806
0.016627474781396506      0.004                    390.47552798012265
0.019800000053544677      0.003999999970602223     390.47332042359284
0.0067061782286575        0.017439999999999994     390.4549986642772
0.006706178228657499      0.015519999999999987     390.4655572538707
0.0067061782286575        0.016479999999999988     390.46093817069044
0.0067061782286575        0.014559999999999986     390.46917625140685
0.0067061782286575        0.012639999999999983     390.4737406753366
0.006706178228657501      0.013599999999999987     390.4718911011432
0.0067061782286575        0.018400000029397578     390.44373930429106
0.007715857847494935      0.018399999999999996     390.45673004930114
0.008130561769183017      0.018929803561128757     385.8298598381224
0.008899067246857727      0.018399999999999996     390.46447480558504
0.010275169234300918      0.018399999999999996     390.4707382732187
0.011701248811131864      0.018399999999999996     390.47530657178464
0.013127328387962812      0.018399999999999996     390.47844292950066
0.014553407964793756      0.018399999999999996     390.4804491435768
0.015979487541624707      0.018399999999999996     390.48151515632236
0.017401502988798778      0.018399999999999996     390.48176279101585
0.018694421172274208      0.018399999999999996     390.4813128108088
0.019224332300275232      0.018929501327904705     385.23368628475185
0.019800000053544677      0.018400000029397578     390.48006523982133
0.007370183105428188      0.004658523478005219     390.4622034674961
0.007468254456651305      0.0054661771638094955    390.467262732283
0.008273556922341207      0.004869216819247569     390.4672760979202
0.009340250162036153      0.004773481864306913     390.4705500727434
0.0075714074085463995     0.0064495666246869735    390.47172350091176
0.010405534664217769      0.004820941972138515     390.4739382996417
0.011473589132782758      0.0048119476913454536    390.47635846792537
0.007659420254675894      0.0074742098004712465    390.47547822426674
0.007618827960169463      0.008504034082832103     390.47785391608437
0.007514711999263262      0.01040272739205478      390.4798531151674
0.007559666649836513      0.009518029956434058     390.4792774224623
0.012498018573294432      0.004866647462957889     390.47851696439557
0.0135539470135492        0.004928562543184664     390.4802800797306
0.01914083154773184       0.004623349626503884     390.47890890992016
0.0074908624274892185     0.011328225468486653     390.479862671184
0.007516657302770569      0.012241446970294447     390.47941914083475
0.014717966655675563      0.005020404721343764     390.48184652385703
0.01590838096676197       0.005123963469531896     390.4830075422822
0.01826872593245144       0.0047205573324639125    390.48010059652125
0.017123925683376496      0.004990507009513175     390.48223526021826
0.019800000107289502      0.00488924222320483      390.4803604220499
0.007379395019357907      0.017725421935942114     390.45822444055455
0.00754859319595851       0.015108304392641629     390.4728123258557
0.007477873457542219      0.016925615368933115     390.46387885252767
0.0075759962280297416     0.015992294322210998     390.46930907928737
0.0075896835972793        0.014149162994500275     390.47618333420854
0.007606462408678859      0.01326114955278277      390.4784008396554
0.018974561935511235      0.005506948606248455     390.4848501993144
0.019800000107289502      0.006074389112600605     390.48774356381085
0.008217321334683055      0.017584319395062376     390.46503432807555
0.01865080971056762       0.006907427819253423     390.4924808261656
0.019800000107289502      0.007654497618179167     390.49516021436534
0.009415686387042857      0.017277124715947015     390.4732109627261
0.01847412645558279       0.008606035487199728     390.4989128005464
0.019800000107289502      0.00957596790617406      390.5007621006892
0.011013775512239764      0.01674013195736851      390.482029321233
0.018211472714422028      0.010419731141606143     390.50263229693707
0.019800000107289502      0.011585125027014675     390.50276784332465
0.012508834168341055      0.01732089472261345      390.4832113096058
0.019800000107289502      0.013596675236308952     390.5009063662441
0.018052323630685194      0.01242784652980165      390.50302287462006
0.013880243248687243      0.017173914805858007     390.4864243355282
0.019800000107289502      0.015547714981639295     390.49540378403043
0.018118550482691224      0.014408596450220055     390.49963998537874
0.01519305110745222       0.017432394990918483     390.4865720206855
0.019800000107289502      0.017177291953102615     390.48791840851317
0.018409421563113513      0.016406442662637827     390.49240167540216
0.016764034614979346      0.01700060659073444      390.48961200953084
0.018872159057681616      0.017620652331911315     390.4859492204216
0.01802830787936949       0.017565540317056715     390.4866035312625
0.008326388467436786      0.005955640566507169     390.47304355127403
0.009025647005261258      0.00551511526278638      390.4735521841095
0.009901558001505885      0.005610856561237985     390.4768745934912
0.008574960959157664      0.007000658409888659     390.47822111003694
0.009286481472986252      0.006366380502632268     390.4784413207539
0.010955168262674278      0.005638661848145889     390.47983665206544
0.011865601043626908      0.005545288257401849     390.48129430515206
0.008345515853359391      0.009153599684850116     390.48279712019905
0.008736008545829975      0.008238365055237248     390.4826341931544
0.00810465762509946       0.01094099709442675      390.4832508914974
0.00852072883583937       0.010149111832981257     390.48489635479433
0.010466540657606807      0.006575471804666876     390.4830041383313
0.009698362633155311      0.007441281718619806     390.48395313098814
0.013988163263919292      0.0057877465424863404    390.4856357930624
0.01279893961919952       0.005963421049558273     390.4850641231737
0.011618184054608877      0.006467440367513227     390.48533406755377
0.008347082781459752      0.011797637836356307     390.4842834098761
0.008266572748776901      0.012722417685226778     390.4829418415877
0.01498160897423325       0.006282155772859685     390.4890023315521
0.01641094828102389       0.006224681947629211     390.48932093825584
0.017724459131751042      0.00600610988889179      390.4881652115369
0.009314453804711163      0.009370491997173078     390.4873370138319
0.009949808670476129      0.008531115407078755     390.48794602847545
0.00914048305365018       0.01119082232505767      390.4881039037302
0.009599060677671788      0.01038039967331526      390.48963034985655
0.01117678039688302       0.007935194202669285     390.48987099194136
0.013665242116885261      0.006897548081797149     390.49060414592617
0.012446074347662723      0.007146605042637195     390.48980580323837
0.008322617500514655      0.014654899622824416     390.47879225643334
0.008497210316761023      0.015515075723949496     390.4766570174673
0.008519097358301565      0.01657001449532118      390.4721484536856
0.008643061476703347      0.013698350123925479     390.4830189707518
0.009375308122422554      0.012527712579856822     390.4883145159241
0.015701366529833616      0.007218785293564111     390.4936746079676
0.014636683281367632      0.0075536688595208255    390.49425470135367
0.01702594840018695       0.007726570251414613     390.49607225671804
0.01082343797180118       0.00967024406169436      390.49289625932306
0.010337585293838242      0.011274441610685085     390.492604209946
0.013139983214929148      0.008651691223720566     390.4958931379679
0.009335990285605611      0.014789980895407468     390.48325295566997
0.00967573812132581       0.01597628507500229      390.48039384394684
0.00980412765868064       0.013773709299297634     390.4879264127353
0.010833865896910997      0.013047221595894717     390.4928859346765
0.015312961428903172      0.008803085241280786     390.49875772646413
0.017027817504012145      0.009313141106639177     390.5007527823934
0.012301934530241036      0.011294969236841384     390.4979367815209
0.014302203177422819      0.010497880407822983     390.50080425958424
0.010857186489690614      0.01479068862554617      390.48899815377587
0.012528777414005024      0.013558917196256433     390.4964474350984
0.016114578520965768      0.011010283411694622     390.50273852787603
0.014268374930071446      0.012333804998484903     390.50097909420356
0.012808030691376572      0.01564857427337908      390.4912008176775
0.014103271945739482      0.014238244447392325     390.49773109388263
0.016132817693777807      0.013836783480415933     390.500565242754
0.015090807172197023      0.015841624848237028     390.4937917443759
0.016920707799496927      0.015488690704942536     390.496171320339
0.007732733159532328      -0.019520969892445166    391.8355892813053
0.00847230052222199       -0.019545369314809404    391.83968362337004
0.008137378482177377      -0.01856310457032147     391.84605641636483
0.009356490455320566      -0.019106775198334       391.84730009332776
0.008148063224404764      -0.01710588657902506     391.85660683903023
0.010619378347845865      -0.01929615145806144     391.8500914651992
0.0115336679662792        -0.01946790044937618     391.8510080200488
0.012502854061257802      -0.01907412602024648     391.85600520459803
0.00809069234895818       -0.006130860795561269    391.86843020599594
0.008183288733058992      -0.00737280817356523     391.8733436428825
0.00820362844583095       -0.015605248978141513    391.86540963756676
0.008065359580846612      -0.014224305903770208    391.87072574334576
0.008090474855887469      -0.008781594234966082    391.87623188912227
0.008149609920142785      -0.012785628125466497    391.8753042222031
0.008128693378607492      -0.01147347752940686     391.87731029960963
0.00809430768906833       -0.010064622103339397    391.87755996923573
0.013724193905024855      -0.019248609255831335    391.8562268352221
0.01470780779675454       -0.01930015853252311     391.85659944593186
0.015774734756584405      -0.01930835411058291     391.8569561795085
0.00802338117068169       -0.004916972984970583    391.86221760746656
0.016926993670357795      -0.019301539012846654    391.8570264463602
0.017981067583937867      -0.019537707462829       391.85460596877124
0.018786792475370608      -0.01961591649082766     391.85337287233403
0.00808125675753261       -0.0035701161185718445   391.8541077195575
0.0194                    -0.019336715051999607    391.8555013607313
0.008621726143201693      -0.0026058792969663094   391.84971671849866
0.007753731869982416      -0.0024942018789728612   391.8441708774526
0.018617212590795462      -0.018805159939309694    391.86056444479806
0.0194                    -0.018195551027542563    391.8650317452563
0.009714977168192786      -0.0027492323835369803   391.8552574636253
0.01067661458471953       -0.0027632263233001338   391.8583697004269
0.011736772899520583      -0.002807921941630127    391.86122018737564
0.012764430187632327      -0.002853469608021154    391.8633551980626
0.01397042487962515       -0.0029860917096569592   391.86574653068976
0.014982943502733315      -0.002606012406178548    391.86371589524305
0.01595254051196924       -0.002704418400132494    391.864769599264
0.018204153706752726      -0.01751521527610455     391.8704889922382
0.0194                    -0.016685618957680535    391.8753756587662
0.017710408403264648      -0.015657715901620194    391.88160252317397
0.0194                    -0.014687781057386474    391.88547415555576
0.017961854056194517      -0.0025200481503124795   391.863025623921
0.016929384229304397      -0.0026816261497041188   391.8646019360705
0.01741811106993197       -0.013593295992422781    391.8898465115947
0.0194                    -0.01224223128105209     391.8924880126172
0.018250554529784756      -0.004581117251623738    391.8771478296613
0.0194                    -0.005314381042319436    391.8807352540889
0.0194                    -0.0038044489724574173   391.8717987468397
0.01860173966964343       -0.0032796665038956068   391.8684981873727
0.0194                    -0.002663284948000379    391.86333520383397
0.018748839204933414      -0.002441347864661262    391.86193108278417
0.01788924808684512       -0.006355286986657085    391.88600474404257
0.0194                    -0.007312218942613482    391.8889603204778
0.01743549931971219       -0.01113042357669932     391.8942500351199
0.0194                    -0.009757768718947969    391.8936647519536
0.01757496634160303       -0.008617899381890485    391.8926929777897
0.009256158791486628      -0.017796903749417673    391.8566409145605
0.010187907883232206      -0.018348933450698723    391.85599279269536
0.008909217231211068      -0.005458465453493643    391.8687027257049
0.009291213626933635      -0.016402033917143385    391.8655330694127
0.013286431445056599      -0.018403329418571906    391.86225296523895
0.009037295921622666      -0.004407759937224241    391.8635530631782
0.009966459565857178      -0.005244941742972972    391.87130387743167
0.01132623244734775       -0.0182698325503878      391.8596899337302
0.010440776187625971      -0.017235973473156283    391.8643093171069
0.012579690975443546      -0.018010615307261203    391.86402265619444
0.01053685351473381       -0.015995664612959655    391.8717163100586
0.009428257148935628      -0.006591791806739148    391.87544514069396
0.00909473851922961       -0.008032853934098425    391.8786868812907
0.010850878682552998      -0.005970486973311479    391.8771675521105
0.011018156779567445      -0.004625523136234519    391.87099999561957
0.011927335946156883      -0.005157181205984605    391.8758265494462
0.009648029093175902      -0.014817058935459069    391.87450745151574
0.00909686475492997       -0.013379605331924886    391.87756950262906
0.009362365617554422      -0.009321858905216788    391.8818670241587
0.009488188845043773      -0.012023060064250014    391.88181271449326
0.00908340864859893       -0.0106172659058686      391.8815367347431
0.014168199434803842      -0.018318664785237273    391.8638365437868
0.015126526620157184      -0.018515237311049586    391.8630466170208
0.013455492405965564      -0.01736206754664792     391.86964056357556
0.016161154122009535      -0.01818319872448236     391.86588350358085
0.009132633365120992      -0.0034300389087190074   391.8577707355001
0.01011081762947077       -0.003826030273200503    391.8637733599617
0.011132827314819618      -0.0035962035787633364   391.8651593775289
0.012120621538547224      -0.003958295043174217    391.86953875624283
0.012059372185042154      -0.016546514044928105    391.872328111829
0.011259130762462701      -0.014979864965923262    391.87836141344263
0.013180305600128986      -0.0037684661607457577   391.8700604298326
0.013081076681721532      -0.004899308731892998    391.87646432997985
0.013960348077494095      -0.004145008415990219    391.87329166872763
0.010871759627262749      -0.007996430704333646    391.88398400436915
0.012505688397209669      -0.0063488825582540525   391.8822302331926
0.01108315296649363       -0.013132688838350566    391.8841761049693
0.010939504365279447      -0.010438386548694587    391.88713380312754
0.014977186663751684      -0.017239678139849772    391.87187142398983
0.01377961070028623       -0.016160109801856955    391.87711139865587
0.0174300788532783        -0.018389855373672083    391.86431004558864
0.016689891445816413      -0.016996311826460248    391.87405346394627
0.015218422397394914      -0.003928081901595515    391.87292449251197
0.016456439366900763      -0.0036121619724446786   391.8712571608232
0.013040346426143625      -0.014386853455485281    391.8841237218051
0.014501288432476563      -0.00575547406057635     391.88228564812806
0.0135263034816566        -0.008394859338161198    391.8898470023073
0.013234870957718574      -0.011487355711095703    391.89111322986605
0.015459431917223026      -0.015142156983214042    391.88353848040646
0.017477462189623708      -0.003751388716966971    391.8721370619309
0.01663845686999297       -0.005009424203982538    391.87967224070695
0.015313724684158168      -0.01265122600971551     391.8915298585476
0.015966273283894484      -0.007332683664134354    391.88922552652457
0.015506193822579978      -0.00992012007616709     391.8936822786506
0.01995927282476113       -0.020489129429546563    383.6771428665194
0.02015642179391889       -0.019700786150236724    385.6475961978781
0.020591192018043464      -0.020373190992557723    381.6906151552779
0.02035990866546691       -0.018801706591733795    385.2079242113155
0.02020188157838459       -0.01768698716392818     386.45178946703027
0.020237677162594607      -0.004790739978693606    386.5127336238898
0.02022598111368235       -0.006298606468803858    386.53770575954366
0.02014028697994346       -0.0022970280836883995   386.2093633217803
0.020315414500665326      -0.003351921079716454    385.9451305702318
0.019952849017352052      -0.0015476344600644418   384.6300461924517
0.02058330638396359       -0.0016411442166338094   382.5580977138603
0.020185731476046426      0.0035395862583486246    383.36286965436227
0.020526920644324955      0.003854928140090588     383.46775303696336
0.02052949070242962       0.004648086159652718     385.0105400625793
0.020450023409418577      0.005477581993087374     385.87383014779874
0.020562040250871584      0.006328192050567578     385.1164960441283
0.020446898001046817      0.017841744448238786     385.14961369106084
0.020529379610918295      0.018661860404122592     382.8411592312198
