381.745
375.233
368.68
381.783
381.824
381.775
381.645
381.929
381.458
381.583
368.625
382.017
381.912
381.811
381.624
381.274
381.36
382.066
382.008
382.195
382.315
382.417
381.235
368.465
382.5
382.281
382.437
382.182
382.564
381.083
380.904
381.941
391.362
381.185
391.374
382.163
382.131
382.292
382.403
382.493
382.562
382.612
382.643
380.279
380.753
380.434
380.587
380.859
368.168
382.654
382.604
382.628
382.514
382.43
382.575
382.646
381.032
380.882
391.378
391.377
391.38
391.382
380.731
382.276
391.389
382.395
382.683
382.492
382.569
382.626
382.683
382.664
380.58
380.425
380.135
379.971
380.266
380.201
380.506
367.834
375.25
379.939
379.814
382.625
382.608
382.604
382.565
382.664
382.628
391.384
391.388
391.389
391.39
391.39
391.409
391.398
391.4
391.405
391.413
391.411
391.414
391.416
391.415
391.391
391.392
380.101
379.93
391.393
379.763
374.14
367.485
375.413
379.641
379.707
382.591
382.595
382.564
382.581
382.584
391.404
391.405
382.624
382.557
391.393
391.394
391.4
391.399
391.4
391.412
391.412
391.417
391.409
391.409
391.414
391.42
391.419
391.421
391.421
391.4
391.4
391.406
391.393
391.393
391.392
385.539
391.401
379.61
374.315
367.111
379.511
379.484
391.415
391.407
391.414
382.518
382.548
382.538
382.505
391.396
391.397
382.562
382.489
391.403
391.408
391.408
391.415
391.419
391.422
391.421
391.419
391.418
391.421
391.425
391.425
391.425
391.408
391.407
391.413
391.401
391.398
391.397
391.391
383.795
391.41
379.457
373.099
366.613
379.369
379.285
374.105
391.401
391.407
391.408
391.413
391.414
382.426
382.467
382.464
391.392
391.386
391.386
382.469
382.384
391.416
391.422
391.42
391.417
391.428
391.426
391.428
391.431
391.416
391.421
391.408
381.41
391.404
391.399
385.35
391.418
379.276
363.13
379.232
379.106
391.398
391.402
391.405
391.407
391.409
382.347
382.361
382.366
391.389
391.383
391.371
382.297
382.301
391.407
391.409
391.417
391.415
391.428
391.426
391.434
391.435
391.427
391.414
379.177
391.409
384.809
391.425
379.185
379.146
366.839
350.18
379.173
391.393
391.396
391.398
391.4
391.401
382.312
382.296
382.3
382.303
382.251
382.255
382.23
382
382.093
382.183
382.23
382.195
391.401
391.416
391.407
391.408
391.402
391.424
391.435
391.433
391.437
391.434
391.419
379.131
386.064
391.429
379.118
379.122
361.461
372.428
381.897
381.783
381.659
381.523
381.375
382.316
382.275
382.297
382.206
382.257
382.209
382.238
382.021
381.923
382.109
382.166
382.037
381.215
391.412
391.421
391.406
391.401
391.401
381.041
391.43
391.438
391.436
391.425
391.436
379.112
379.137
379.087
372.34
363.578
382.329
381.817
381.698
381.568
381.426
381.273
382.351
382.268
382.407
382.171
382.25
382.258
382.185
382.231
381.958
381.859
382.095
382.01
381.11
391.407
391.416
391.399
386.168
380.862
380.938
391.433
391.437
386.109
386.152
379.23
379.114
363.617
382.253
382.378
382.334
381.746
381.622
381.486
381.34
381.183
382.399
382.87
382.423
382.389
382.136
382.296
383.917
382.184
389.932
381.915
381.804
382.062
381.971
382.08
381.016
384.716
385.913
385.544
379.818
380.843
380.689
380.766
379.391
379.601
379.213
363.753
382.235
382.321
382.359
381.685
381.555
381.415
381.264
381.102
382.451
383.902
382.46
382.435
382.403
382.118
387.277
389.945
389.943
389.945
381.87
381.757
382.036
381.942
382.047
381.824
380.932
380.743
380.517
382.295
379.771
380.018
379.919
380.673
380.601
380.455
380.618
380.604
379.626
379.385
363.894
382.201
381.83
381.96
382.08
382.147
382.368
382.303
381.633
381.499
381.354
381.198
381.032
382.52
382.48
382.447
382.407
389.948
389.949
389.951
389.951
381.837
381.72
389.953
389.956
381.779
381.515
381.654
380.858
380.705
380.264
379.903
380.09
380.501
380.362
380.553
380.49
373.785
372.189
364.034
381.654
381.793
382.227
381.936
382.06
382.155
382.354
382.289
381.593
381.454
380.965
381.303
381.14
389.953
389.956
389.96
389.959
389.956
389.956
389.958
389.958
389.959
389.96
389.96
389.962
381.247
381.461
381.46
381.464
380.787
380.615
383.093
380.245
380.153
380.381
380.313
380.467
380.432
380.354
383.05
372.826
364.367
381.598
381.759
381.896
382.212
382.016
382.121
389.961
389.961
389.962
389.962
389.962
389.962
389.963
389.961
389.963
389.966
389.965
389.962
389.963
389.964
389.965
389.967
389.966
389.967
381.142
381.164
381.202
381.267
381.379
381.217
374.715
368.252
389.96
380.246
380.278
380.264
380.233
374.474
380.061
384.597
364.494
389.966
389.94
389.952
389.947
389.955
389.96
389.958
389.966
389.966
389.969
389.97
389.967
389.969
389.969
389.968
389.969
389.971
389.969
389.97
389.972
389.971
389.971
381.095
381.094
381.04
389.928
380.983
374.872
368.2
389.967
385.428
380.162
380.1
373.066
379.95
379.89
364.389
389.972
389.943
389.942
385.417
389.959
389.949
389.955
389.962
389.965
389.97
389.969
389.976
389.976
389.975
389.973
389.974
389.974
389.976
389.976
389.977
389.976
380.985
380.838
376.036
380.904
380.675
380.719
380.476
368.042
389.975
384.694
379.934
373.293
379.773
379.702
364.049
389.979
389.951
389.95
389.965
389.963
389.958
389.969
389.975
389.98
389.981
389.983
389.979
389.979
389.983
380.776
380.55
380.302
380.402
367.765
389.982
379.668
379.582
371.599
379.514
379.428
363.854
389.986
389.959
389.957
389.969
389.967
389.974
389.979
389.986
389.987
389.985
389.987
380.135
380.414
380.156
380.26
380.029
367.448
389.988
379.414
371.865
379.35
379.322
371.391
363.717
389.962
389.989
389.969
389.976
389.983
389.97
389.99
389.988
379.971
380.034
379.91
367.161
389.99
379.219
379.225
379.097
363.471
361.848
364.44
350.113
366.592
389.965
389.99
389.978
389.984
389.973
389.988
379.814
379.807
379.723
366.886
389.988
379.137
379.084
371.1
372.696
379.041
372.466
378.911
373.636
373.95
379.067
389.967
389.986
389.981
389.973
389.983
379.663
379.633
379.475
389.982
379.084
379.022
379.058
379.092
379.057
379.266
379.066
389.969
389.979
389.977
379.514
379.442
389.975
384.878
379.091
379.173
379.298
382.736
389.969
389.973
389.973
379.374
389.967
379.244
389.968
384.835
